Generation: 100 Best: 16.541578 Median: 14.062233 Worst: 10.200062It took: 10390
Generation: 200 Best: 18.28507 Median: 17.20481 Worst: 17.642317It took: 9494
